79248844036
285828
89244959007
302912
89147589028
314971
+79632891196
302913
89147419597
256175
89241939860
305626
315731
301930
223222
89248880593
314731
89147592757
+79241861000
+79147559199
444546
79248843074
622157
89146446869
288020
+79244818180
+79147584430
89147555143
79248844036
302912
+79621230330
424924
+79147581733
446592
303630
302914
+79147537838
302901
+79621270521
220239
89242861010
892488430320
89241851333
290000
723386
79248888014
260155
302901
4242724095
89147565481
89242838383
89140946768
89147593131
89006697062
89621028787
411515
89147582121
89147550201
302912
89621229728
89621122278
89147550201
89147531312
89621544301
498300
89244830970
89632894603
275011
424086
4242266362
79147555143
89621526060
314986
89241851333
89147696875
302913
+79140900377
89242880585
89624161652
302901
89624161555
302912
264485
252705041204
89248835333
89841394395
89624161555
89242817741
89147564264
407747
275011
+79147587222
424250079304
760017
259199
89147571047
290000
89006607188
263164
89241861000
289089
602617
4242296600
+79147646422
89241851333
+79242829162
89625815270
89248888026
89248880593
89841394979
+79146444774
79248886155
+79025707469
89147564631
89242862747
89147427232
89147419597
302901
+79140966625
390162
89241851333
+79147573808
+79241926350
89006607188
89004328777
303630
301301
89248870077
89147555143
448844
264485
272263
+79841397849
315731
424086
89147425496
89248888061
89841317559
89621090009
+79100000929
89241851333
89621069999
302912
424924
89244964931
89624144414
89624161555
89147553778
89241843679
89147589363
314122
4242437333
302912
314983
314294
302914
+79146444464
256175
424250079304
89147589688
+79248804333
259199
305630
89147696717
424086
390139
89624161555
89244964931
89841317559
89841317559
252705
298699041004
314986
288020
89624161555
+79248804757
223222
252705041204
515451
600333
256175
391039
303630
89241888129
272888
89244837874
89248888014
266362
+79625806157
292789
447999
89147662787
89146479848
314284
89140876903
302913
255445
89147431906
89147453620
79248888089
392494
89248843032
89147565481
89625803827
302912
89625803827
392494
89625803827
+79244850666
89147575454
391039
89140856437
89241851333
89621162103
896210102250
89248802244
89621158899
272263
89241851333
89624141744
+79242173060
89146426777
303645
424086
289089
223222
89241851333
305626
+79241970162
89244910942
890987382970
89147550880
89241851333
259199
303630
4242724095
424086
89147575454
89241851333
89147431906
470965
4243544521
89242888676
89248888014
896210102250
303630
+79146444464
89006697062
89248899007
314264
89241892777
253000
89624161652
302901
+79147559773
89248888026
265212
79248844031
89244837055
284544
89625815270
302901
79248843074
302901
89621206706
89244964931
+79625800715
89147589363
+79147550880
259199
+79242890185
89147563316
302913
+79146426777
721295
89841393160
4242446706
4242266362
302913
+79147567680
304333
89621272016
89248804333
444546
89621088669
451601
+79621201944
89841390379
40-0
291345
302913
89140946768
302913
259199
89632894603
+79147561588
89248844007
89006697062
443454
272263
89147550880
89242895977
+79147518191
89147672790
89147653222
89624161652
89248880593
89248888009
391039
+79241912222
89625815270
+79147551412
223222
302913
89147565481
89621201944
280266
+79140839025
440715
89244897007
89624161652
315731
89147431906
251630
+79248857700
89147579309
304333
89621209658
89248867007
470351
89625815270
89248880593
9621006722
89248870077
79248888216
9241870899
302430
89621058405
256175
89241851333
89621058405
89624161555
89241851333
424086
89625803376
89244850085
291886
89140973195
259199
79621276926
79248881346
314987
89841317559
289089
4242430610
259199
89621206706
236761044190
89625812677
89241884020
89841392310
4242444546
89621046636
79294440574
272801
89241892777
285828
721988
+79248857700
264485
+79147550595
+79244850666
305630
+79632899555
89140868437
891475988610
+79841377097
264485042043
470032
89147431906
4242486699
302901
302914
4242437333
89004287650
610577044190
252705
89248843013
303645
89241960365
89140953030
89624161555
272263
424261606004
891464919050
89241851000
+79147516500
89147575454
89147629716
259221
89841395939
89624161652
79248888089
397849
302901
224222
89248801282
89006600456
723386
89146438603
424272338604
4242774022
272263
+79140839025
89241842160
89244841000
89248844037
265212
89248870077
289056
411515
89147672790
89621152800
89147461324
89140982667
89241892777
4242437333
470569
305630
89242831657
89146484428
89621532530
89248867007
79248888014
89147552004
260155
302912
416024
89140906782
600400
284544
488424
89147622748
302912
302901
301030
89621272016
89625819315
+79147571727
892488430280
89247555143
89146446869
446706
+79241861000
314983
89242880585
89248899007
89621090009
444546
298699041004
89241942342
4242424872
+79147569355
+79147559199
044204350438
302901
89621545113
89248843033
751061
223222
89241851333
89994531239
79248844021
+79621206706
446706
447999
89146462666
+79147556451
89248888854
896328997570
390162
89244903034
9147596600
89242822705
400405
79248888045
446706
89147622748
258258
259773
89248804333
751061
4242245555
89248888086
89147622748
303630
89624161555
89241851333
301930
89147550880
302901
89146418000
4242436661
301030
89147553400
+79241957073
+79006600211
4242446706
424924
314986
4242437333
89241892777
302913
263164
89841828113
257076
391039
89625815270
321322
+79248857700
89248867007
89241851000
89248867007
+79147511400
89147553401
515451
896328997570
79248881265
89006648857
89147580044
+79248857700
286833
89006627584
+79621270521
+79147591345
470100
+79140879410
442474
+79147516500
89140856437
301333
488424
442474
79147564466
79248888014
+79625818383
89140866996
89621272016
89147563666
268100
9244955555
+79621006828
89147408111
302913
89625804596
255445
304130
315731
89841390069
611680
89147575454
+79160202099
298699041004
254260
314294
438282
+79140980240
+79621205000
89140856437
+79248857700
89248870077
8924888156
89147554910
79248886156
79248843074
424246693904
89244841000
272888
89147586833
+79621162103
89841390379
+79140990250
723386
314195
447999
89146446869
302913
274141
89621532530
+79241926350
89147582121
488424
89621229728
89147531312
+79146444464
89147431906
+79621162103
258373
89140982667
89242843388
89841317559
9147555143
89248888009
89242819057
488424
89632894603
89248843033
263164
488424
79248888089
470965
436661
302912
302901
89147408111
302901
896210102250
282020
298699041004
76-0
89147622748
314195
89621209658
89147552004
+79841387544
+79856975645
89248888009
739700044190
251630
+79147581733
259199
314986
89147575454
424250079304
89147571047
89625806226
89621058405
424224585804
223222
291886
89241866728
89621272016
+79147552048
4242774022
+79140946857
89621058405
282020
+79621162103
443454
89244945007
89241851000
89006697062
+79621062017
89147591345
+79147590910
89248843032
302901
314931
+79147518191
79248888089
89248886156
79248843074
314931
424086
89147586833
89241851333
424086
896210102250
89147419597
314141
79248888216
288020
292757
+79625819292
89621203849
89621058405
288020
89149781508
89841390379
896328974470
468410
8962
89294463333
399041
255445
89147592757
+79146417777
89140868437
+7-9
79248888216
89147670892
630666
79248888014
411515
76-0
+79147555552
306022
256175
272888
4242724095
254260
424086
257777
407747
+79147548160
+79632890744
251462
89841317559
608777
723386
89841317559
301301
314141
+79632892055
89841397849
+79147553444
777772
89621143471
+79147511400
89248843013
302901
89841397849
89147586833
+79241982751
89248803333
+79147550880
89841393160
89147575454
89248802244
891474343730
468410
302901
89248804333
89244897007
9241945185
284544
+79147593277
89140868437
+79621062017
391039
89625803827
79248888089
89241851000
260155
89147575454
407747
+79147550880
223222
89248886155
89294463333
89241892777
302913
89147565481
89147592031
302901
302913
263164
891474343730
89624161652
+79006611156
89140958342
314986
+79242892421
89147677917
89242892421
89621053858
89244887000
+79624162622
+79140879410
618733
89147553401
515451
896210102250
89147575454
271727
89147550880
89248888014
89149781508
+79140950310
+79147573800
302913
303630
89621255155
892488430280
301930
+79140839025
+79147590910
314284
89621087015
302901
89147586833
89140866996
264485
89006692277
314987
315731
397849
89242847900
488424
275011
314986
89248888014
220239
89147622748
302912
89147579309
89244909034
89841317559
89841317559
314294
89621220018
891474343730
89244897007
89248844035
298699041004
89147593283
89147565481
89624161555
+79147564440
391039
302912
302912
89147592031
302912
315731
89147552207
89248844007
+79147572888
305626
424246693904
4242266362
397849
89621087015
411515
411368
+7-9
89140843285
7564215
+79147516500
89248886156
89006621717
411369
726514
390061044190
+79242860954
4242767333
260155
892488430280
+79147575454
89147658396
470569
+79632890744
622157
89146460150
89244945007
89147559806
+79147564215
302901
89248843028
+79625819292
+79147595133
89147551743
+79624168288
+79140950310
79248843074
+79242857777
89248880593
257003
89841392310
302912
411369
896210102250
89241851333
4243356620
89621206706
89625803827
89244964931
+79241861000
265212
600333
610577044190
89248867007
89248888014
89625803827
89147408111
89248844035
89841317559
515451
89147552004
+79140839025
302914
302901
89241851000
488424
89841828113
89248880593
9147555143
89147584373
89147565481
+79147462549
89147550201
411369
+79621206706
301333
+796
258522
289089
424250079304
89147550201
301930
302901
89244897007
777772
+79147646190
4242767333
89147531312
251630
89621122278
+79841393331
89248880593
89244945007
424250079304
391039
89244964931
89147591345
+79621220018
+79147577778
274141
259199
440715
89242847900
314986
79248886155
89624161555
264485
252705
89624161555
89625806226
397849
264485042043
79621171055
89841317559
264485
89242862747
89841317559
397849
89841317559
89624161555
89242881153
89241883355
424250079304
89147550007
89841317559
89241851000
89624161555
+79856975645
+79160202099
+79241956406
424246784004
89621532530
475524
79248888086
89146421988
449680
255445
+79248857700
89006648857
+79841397849
+79147550880
424272338604
288174
397849
89621532530
89242805451
488424
89621059202
723386
291345
291345
89147652650
302912
892488430280
79248886155
739700044190
4242286833
262022
89248843013
89147571047
+79100000929
89147550880
263164
+79147559199
89242839292
+79147554827
260155
+79248857700
262022
397849
890257032710
89248899007
89241939860
89841317559
622157
+79242888830
+79147550595
7564215
89248888014
89147626723
302901
+79147646190
446706
89248804333
89004344833
446706
89147416346
89006697062
89625808518
79248881265
+79241920706
283969
264215
314284
89625803827
89140963707
89621162103
391039
392494
258458
89841399999
+79621180494
89248804554
440715
89248803333
+79841377097
440715
89248888014
610577044190
89621122278
+79146444774
275011
89248899007
89248867007
264485
79248886155
302913
89241851333
89248888009
+79241920706
89147419597
+79248804757
275011
260220
89147427232
314986
314986
89140843285
+79841393331
89248899007
315731
89244850085
89841399041
89248881457
89624161555
89147622748
394401
+79147552048
89146462666
+79146444464
262638
89140982667
+79146444464
251630
424086
+79120861005
89621545803
89147565481
89147565481
+79242828470
392494
+79147584520
302901
89147453620
89621532530
424924
89621532530
89621532530
89621532530
89621532530
89147565481
289845
89147551500
89140982667
89242805451
89621532530
314975
89621532530
89621532530
+79147683222
259199
89621532530
89621532530
391039
89624161555
288588
89621532530
+79147569355
89248803333
89147592031
89248870077
4242287222
407747
89242881153
89244897007
618840
89621532530
89621523890
+79248803061
+79621180494
+79147556451
+79147579309
+79148940294
+79621251975
89147489118
+79148940294
265212
301301
89621229728
298699041004
89147622748
251630
89147565481
896210102250
302914
+79244804887
411515
314985
89006607188
89242850390
391039
89621532530
+79621180494
257003
267390
302901
282020
89624161555
89621532530
468409
4242436661
301030
258458
89147565481
253122
89147434373
4242767333
470032
302914
760017
4242286833
89242861010
89841394395
89244903034
+79148940294
446592
+79241861000
89242805451
89147626723
89621230202
89242819057
89147626723
+79841377097
89248803333
272263
89147573062
89248843032
414707
407747
2918
424273606504
89147550007
302914
284544
89004344833
79248888014
4242782087
8962
291886
424086
89242861010
+79140980240
264485
89241892777
79248888014
89241851333
79248843074
+79147518191
+79248804333
89248888014
+79147511400
89241979128
89147592757
407747
301930
302914
284544
451610
89241851000
424250079304
89140963707
275011
89147408111
89621548424
261404
89244897007
89241884020
4242424872
79248844021
89248888045
89244964931
89244964931
8962
302901
89147672790
488424
89147575454
89241851333
89841390069
+79147486399
263164
+79624162622
89147565481
+79856975645
89841392310
251630
302912
89624141744
89624172909
411515
267390
89248803333
+79147550880
397849
+79625802212
42-4
288020
488424
292757
+79625800715
449680
89248804333
444546
+79147556451
+79100000929
89147622748
259199
289089
89147622748
89004292778
896210102250
89632890115
392494
896210102250
89248870077
+79147552048
+79242820222
89147571047
314195
89248870077
+79242173060
89006648857
89624161555
89625804596
+79146444774
285828
89248888014
305630
302912
89147565481
290000
302912
+79248857700
488424
+79147585024
89624161555
223222
89242804862
302901
89248835333
79248886156
314983
263164
292757
+79147569355
302912
451610
89147672790
302912
89621206706
89841393160
89147622748
79248843074
264485
411515
302901
223222
223222
515451
4242446706
89147592912
424250079304
89242880585
301301
+79841397849
306775
272-
89621162103
+79140966625
+79241861000
89248888014
89147550007
89241851000
259199
89242862747
89248888146
394949
89248881265
89149781508
424335033304
424924
+79621230330
89248886157
89621545113
89241851333
89248888009
89006627584
424272338604
264485042043
302901
488424
+79241957073
89147425496
8924
314931
411369
255445
89242839292
289845
8914
41-1
89624161555
305626
7564215
89147550880
+79621006828
89624161555
+79242888830
4242767333
302901
260155
+79624168288
305630
+79147553590
480611
+79632890744
275011
+79147559199
424224585804
264485
8962
26-3
4242286833
79248888089
89241851000
79248886155
+79147559199
89841390379
(424
89147553401
89841812253
89841394979
89147564631
+79147462549
89140946768
89147575454
+79025707469
+79160202099
896210102250
89004344833
89241851333
258458
+79140950310
89248844035
264485
302912
302913
89147563316
252705041204
89248803939
79248888086
+79147569355
391039
89621206706
89248870077
+79241982751
89621028787
314986
259199
470100
424250079304
+79621201944
451610
4242390379
89147658396
89248844035
89147593131
89625815270
4242767333
7564
411369
424228092004
+79241926350
89241918838
4242767333
424086
+79147550880
4242774022
+79147629716
792488880450
89147677917
+79160202099
4243544521
892488880450
259199
264485
302913
89841317559
89841317559
468409
264485042043
89841317559
252705
89841317559
451610
272263
397849
89242817741
89841317559
+79621062017
424335033304
89621069999
4242296600
89624161555
265212
89841828113
442474
+7 9
89147563666
8962
268100
257777
896210102250
+79242829162
288020
444546
264264
446706
89147552004
89147564631
302913
89244897007
89841317559
89147550880
79248881265
272263
79248881265
+79241920706
89621272016
89006692277
262022
89241851333
262022
302901
314284
424250079304
303645
302901
259199
314294
89241851000
302914
+79147551412
89244945007
446592
89147575454
89248888014
89242880585
260155
253000
+79147584430
+79147559773
+79100000929
89244837055
315731
302901
8914
443454
+79625800092
89244901783
468410
9147555143
622157
89632894747
+796
260220
89146438603
89248867007
451610
+79856975645
89248899007
89241892777
89147565481
79248888089
89147571047
+79248804757
+79621162103
89841812039
89247555143
4242436661
896210102250
263565
89241851333
400-
7564215
89147659740
89248804333
89147589028
89147565481
89140876903
+79621162103
79248888216
760017
256175
8962
618733
89632890744
488424
+79147568615
89841390379
89248804333
+79147567680
898413592990
89006607188
89147450574
+79147581212
436661
+79140974453
7564215
89621158899
89624161555
89140958533
251743
89624161555
89841317559
+7-9
+7-9
89241851333
89149781508
89624161555
89147579309
89241851333
79248886155
275011
488424
424086
891475988610
254260
6306
302913
298699041004
89621544301
+79621251975
251630
89147586833
399041
723386
411369
314974
89621548424
263164
89248880593
89244964931
+79140839025
302913
470032
89140843285
89147593131
275011
89146497672
8-92
89248881457
414707
89147565481
391039
89248803333
468410
89147670892
440715
89632890569
392494
625217
391039
+79632891196
+79625819292
89147564264
+79632894603
259199
259199
89140866996
302912
+79625819292
223222
89625815270
89140973195
89248886156
89147558718
+79006600333
89006607188
315731
+79148940294
79248844036
272263
89248867007
89147555143
+79241861000
89242819057
89248886156
89248843013
+79147553444
89244909034
289089
89841317559
89006632255
258522
89841317559
470351
391039
89632890569
397849
8-91
600333
31-4
+79621180494
30-2
8962
391039
89147550007
4242437333
89244897007
252705
314986
252705041204
89241851333
288020
89147589688
89242890185
89147653222
89147416346
+79147577778
89242861010
314294
89625803827
89006607188
(424
89147586833
89248899007
89841317559
89248880593
+79621204005
739700044190
89147591345
89248886156
89147593283
+79147561588
89248843028
89248844007
392494
89147575454
89621058405
236761044190
89841395939
+79147683222
89625803827
723386
89248804554
89147575454
391039
+79248857700
89146484428
+79621220018
622157
302901
289056
8962
89147408111
424086
256175
89248843033
394949
79248888216
314983
390139
89248867007
89625808518
89841317559
89147696875
411515
89632894888
89140906782
470965
79248888014
89147591345
89625803827
488424
89147582121
314294
89147531312
236761044190
+79146444464
89621532530
275011
89244841000
89149781508
79147555143
89244850085
89621058405
89147431906
89147408111
89025743466
89244841000
302901
89248880593
89624161652
89241861000
+79841397849
470569
+79147590910
89140958342
256175
89147622748
4242266362
(424
891474343730
265212
89624161652
89241851333
302901
515451
89248888009
275011
89244959007
220239
+79248857700
302901
+79625802901
89248880593
303630
315731
89621058405
79248843074
302913
301930
301333
9241870899
79248888089
284544
89248899007
89625812677
302901
79248888089
+79147579309
89147653222
488424
254260
260155
301301
444727
424086
391039
89841395939
602617
443454
+79621270521
89632894603
+79147564440
9621006722
4242245555
264485
263565
+79841397849
302901
89147434373
89248880593
89147557718
89248881265
285828
424250079304
89244837874
264485
397849
303630
89241939860
89248843013
+79241861000
220239
22-3
298699041004
302901
22-3
303630
321322
+79146417777
303630
89242819057
302901
315731
+79242860172
89248899007
89841317559
+79241861000
44-3
89841317559
89841397849
+79147646190
259199
723386
89841397849
89621143471
9241945185
+79147555552
+79241912222
89147586833
284544
+79632892055
8-91
89004287650
89147550880
+79242890185
89248867007
+79841393331
291345
89244964931
260899
89621255155
89621087015
301930
314986
314284
424924
89147553400
303630
+791
89248888014
76-0
446706
89242844353
305626
265481
721988
89248843033
89624161652
89244981777
89841317559
89625803827
89147550592
440715
89248843032
302913
288174
89241829000
89147489118
89621549469
89241851333
89147662787
+79248857700
314731
89241851333
751061
286833
89248899007
79294440574
+79625818383
+79147593277
303645
89621209658
89248801282
89248843013
224222
+79140990250
260155
89241888129
89149781508
89149781508
+79241861000
+79621162103
89147552049
252705
892488880210
89624161555
+79147646422
8-92
89242888676
89147555143
89621088669
89248888061
89248870077
89147479264
8924888156
314264
4242436661
314141
89147419597
4242266362
89241851000
89248888026
255445
+79241920706
42-4
40-0
258258
+79006600211
89147626723
89242822705
89241842160
89146479848
+79147556451
4242430610
451610
89621206706
+79841387544
+79621206706
89621028031
8924
89621152800
89147419597
89248888854
446706
89248880593
30-2
447999
302912
+79241982751
30-2
79248888045
+79147559199
289089
89241892777
89244903034
89242838383
89006600456
89625803827
89140843285
89621204740
272888
89621201944
+79147516500
89147622748
446706
89242847900
89147419597
891475533980
89248881457
89006697062
257003
515451
89621059202
314122
89241851333
+79140900377
275011
302430
302901
89248867007
89621230202
302912
+79006611156
89841399041
89625815270
89147550007
89621162103
89147461324
79248881346
79248888089
22-3
89147575454
622157
+79241970162
89248804333
305626
76-0
302912
89147550880
8-98
89242895977
89146462666
314975
8-92
+79841393331
890987382970
89147584373
+79248857700
89006697062
89621532530
89147565481
505689
292757
314987
89147622748
89006621717
+79241956406
89006697062
+79148940294
438282
302901
89140866996
4242302130
79248844036
392494
89147554910
+79147537838
+79817184166
302901
314986
89248888009
89242828349
+79147587222
89147622748
+79160202099
446592
89241851000
315731
302912
470569
+79248857700
89147552207
89841317559
89241851000
+79621270521
89625815270
4242446706
4242286833
89147553778
302913
89147579309
89241851333
264215
314284
290000
282277
79248888216
896328997570
+79841377097
259773
890257032710
+79242890185
89625806226
89147464374
891474343730
89294463333
256175
044204350438
89241960365
304130
+79147434465
89241892777
9147596600
89241851333
721295
+79241926350
89624161555
600400
4242774022
89624161555
+79148940294
+79147573808
+79147590910
251462
89241939860
+79147537046
89632894603
89632894603
446706
451610
253122
+79147568615
89140843285
+79621204005
89624161555
252004
+79147559773
424246693904
314986
+79147591345
89147592031
291345
+79006611156
891475919980
+79140879410
891474343730
89242892421
424246784004
89248888009
298699041004
+79147540507
89147652650
89147592031
4242266362
314986
+79147595133
89624161652
26-3
89146426777
89248888014
89241843679
79621276926
301030
302914
4242390379
314284
+79244850666
424272338604
302913
265212
283969
79147564466
272801
390061044190
259221
397874
+79625806157
416024
292789
+79140990250
+79632890115
515451
302901
89625815270
302912
424086
89621523890
+796
89006697062
302912
44-6
89147565481
89140894554
89147575454
+79242860954
488424
26-6
488424
302913
4242626262
89147472966
89621220018
89621053858
89147696717
89147553485
79248843074
+79147581733
261404
301333
89147419597
391039
89147550880
+796
8914763202
891475836120
302913
475524
282020
+79147575454
314971
89147592263
4242444546
89147586833
89004344833
89244909034
89147589363
40-3
301030
447999
89147550007
+79146426777
394401
302914
89241866728
302901
305626
89241851333
+79140950310
89841317559
411369
451610
315731
89140953030
89147556910
89621087015
89621272016
424261606004
+79248804757
322042
9147555143
4242437333
314985
291345
275011
272263
89621203849
89624144414
304436
314986
+79147562153
451601
89147552004
259199
4242287222
89241851333
89248804333
89294464359
+79147571727
444546
+79248857700
89248867007
89147592031
89244964931
89241892777
+79242857777
89147575454
89248880593
304333
89841390379
89621206706
89147565481
89621058405
302901
280266
89242850390
89147551500
+79140837331
89621532530
89147565481
89147565481
446592
+79146444464
89621532530
89621532530
+79148940294
424086
89147626723
89621532530
8962
424924
+79148940294
288588
89244897007
302901
+79621273689
89621532530
89621532530
272263
89147574541
89621532530
89140868437
+79841377097
+79248803061
+79621180494
89147453620
+79621180494
89248803333
+79621180494
+79242813090
89147565481
89621208844
89621532530
89147565481
89140982667
+79148940294
258458
257980
89146462666
+79621180494
8914
89621545803
89621532530
89621532530
89147565481
251630
89242805451
+79146444464
89621532530
+79621180494
89242805451
+79244850666
89147551743
271727
+79244818180
284544
302914
89244910942
4242782087
(424
89147479264
89241851333
89242890185
298699041004
896210102250
515451
89147550880
424246693904
89244945007
89147629716
304333
89147573062
298699041004
259199
289089
301030
+79147550880
301301
89841317559
89006697062
290000
8962
264485
256175
892488880210
+7(9
302912
89147565481
89621532530
+796
89621532530
896210102250
89140968368
+79242892421
89244945007
+79147550595
258458
257777
302913
+79120861005
302912
89624161555
89147565481
89248844007
448844
89006644855
89632890569
89242828349
89624161652
89147565481
89242890185
444727
89244854843
89147550880
89147589028
302901
302901
451610
89244945007
89841317559
314986
79248888014
443454
+79146426777
89624161555
+79632890115
89624161555
+79147555552
89621230202
89248881265
89621058405
89624161555
259199
302913
89147586833
302912
89621162103
89147695883
306022
89248888014
89248888009
891474343730
4242296600
89841392310
89248888045
89147565481
488424
79248888216
259199
898418149420
89841317559
89147592263
411369
272888
89632894603
89248867007
89841317559
+79148940294
446706
89241851333
263164
302913
+79621006828
89244897007
89244945007
+79147575454
89147461324
282020
89242890185
+79147462549
89621058075
302912
302914
89242890185
272263
259199
272888
302901
+79625802212
89624161555
89147550880
411515
89248843028
+79241982751
723386
447999
89624161555
259199
89147553485
282020
89248899007
488-
89624161555
89841317559
8914
89006607188
391039
89147565481
723386
89621206706
+79241926350
+79006611156
89241904251
89621046549
89841395939
89621523890
265481
314986
89147622748
391039
89621549469
89621532530
89242819057
89147593131
89248881265
89244964931
470100
89244903034
+79621270521
4242782087
89242804862
+79241861000
89244981777
31-4
89147550880
488424
89140963707
301333
89242838383
89248888014
301930
+79242890185
302912
468409
9147519494
305630
+79841393331
89147550880
302912
303630
264485
89248870077
302901
303630
4242302130
89625808518
302912
+79147559199
89241851333
89624161555
89147555143
89621548424
89147662787
411515
223222
760017
260220
79248881346
465728
+79856975645
+79147573808
89140868437
89841317559
298699041004
8924
424228995504
89147564264
30-2
89248870077
79248888014
289089
4243544521
89140894554
302901
416024
470100
282020
723386
89248843013
89147565481
76-0
291886
89147553401
89841317559
301030
298699041004
251462
+79248857700
288174
+79147553590
89248843033
89624161555
79248888089
397849
305626
484777
89147658396
+79241926350
252705
284544
298699041004
392494
89248888014
89841317559
89147575454
314284
89149781508
302901
302913
315731
8924
79248843074
89841317559
622157
89624161555
285828
302913
+79632899555
253000
305626
223222
89248867007
89242890185
89841317559
303630
892488880210
89004292778
89248886156
89841392310
89006692277
+79621206706
+79147556451
89146426777
+79148940294
4242446706
397874
302912
+79621206706
89244910942
+79244850666
+79146417777
314284
9147596600
89147567895
302901
89147589363
260899
+79242860954
424261606004
89624161555
+79621204005
89248880593
89621206706
+79147585024
+79841387544
302912
259221
447999
515451
265212
298699041004
891409490500
4242430610
89242874319
89147662787
302914
89621058405
+79147587222
402522
+79006605570
262022
+79621162103
+79147568615
255445
89004344833
+79621272648
424250079304
+7-9
89621001313
89147579309
468410
89621158899
302914
411369
+79625806157
89242888676
+79621162103
89147586833
89621542565
+79841393331
291345
470965
89147561485
89248888146
89147622748
488424
89147582121
253122
89248886155
4242437333
89248867007
264485
424924
+79146444464
391039
+79621204005
446706
89147565481
488424
302912
89624161555
4242782087
89621152800
89147586833
301314
89147626723
446706
+79632894603
89621087015
+79625802901
8914763202
394949
89241851000
89242861010
251743
89147589688
252705
89242880585
89841317559
+79147556451
89147584373
89147589363
+79006600211
89147572037
30-2
411368
89624161555
+79006611156
89146418000
+79147486399
259773
446592
89140958533
+79817184166
89147550007
79248888089
515451
302912
89147550007
+79147593277
89147464374
282020
4242437333
896210102250
79248843074
411515
+79241956406
44-6
+79147569355
89146479848
+79147590910
+7 9
+79147581733
89241851333
391039
89625815627
288020
275011
89242805451
89621088833
89241851333
89624161555
414707
424086
+79248857700
391039
89241829000
89248888241
258458
89242819057
89147670892
302912
391039
89248803333
89147592031
282277
89147577550
891464219880
+79248804757
223222
505689
89241960365
89025754772
392494
+79147516500
302901
89841317559
89147553401
89241851333
89841828113
+79244850666
470351
89149781508
89244897007
4242446706
314931
+79147550595
79248844036
76-0
224222
288020
26-3
302912
89147575454
440715
302913
+79147581212
89147553400
302912
+79140990250
89147586833
89248803939
89621206706
89147622748
424086
305626
89147592757
254260
302913
89242847900
314294
302901
284544
89147553401
79294440574
285828
89621210554
256175
+79140839025
89625812677
89147593131
446592
89625803827
4242266362
252705041204
261404
305626
89248888021
+79140839025
89244897007
392494
89146497672
301301
89841395939
89248843032
314986
442474
89146446869
89621084400
267390
314974
256175
89244945007
+79248804333
424086
302912
+79148940294
89244854843
424924
89841317559
256175
+79147572888
891475836120
424086
89248844035
285828
89621201944
89241892777
444546
390139
89140958342
+79147550595
305630
89248844035
302914
89248899007
305626
600400
290000
89147479264
89621001313
89147550880
302913
424246784004
+79147511400
89244964931
+796
+79147571727
259199
89147565481
315731
89621180494
8-98
314284
89248886156
314986
411369
289089
625217
446706
89624161555
291345
4242437333
9147519494
261404
262022
302912
424273606504
265050
89625803827
444546
264485
424924
89244901783
424250079304
4242390379
721295
302912
89248844007
89244897007
89621028031
89147622748
89147557644
444546
8-92
443454
79248888045
302901
89248804333
89147565059
451610
+79241861000
89147622748
451610
89147550007
263164
291886
451610
284544
+79242813171
280266
+796
89248804333
89140843285
284544
89147563164
+79147537838
89624161652
89242861010
302901
89147571047
89841390379
+79241912222
+79248857700
89248804333
451610
220239
89841390379
89242843388
89242822705
424086
89632890115
89147427232
89244964931
891475919980
4242390379
89632890744
89841317559
89624161652
264485042043
89147408111
89625815270
89147408111
79248843074
89006600456
304333
264264
89244897007
470100
89147425496
391039
4242444546
891475533980
302913
+79006600333
+79241861000
89147575454
89248888026
89625803827
301030
301030
892488880210
223222
89140843285
292789
89147550592
89147552049
9621006722
305630
+79148940294
89248867007
4242286833
+79248857700
315731
89841317559
891475988610
89841317559
89248880593
302914
+79241982751
89006697062
89841812039
89621069999
89147431906
+79100000929
4242266362
+79147551412
390061044190
391039
89241892777
89244959007
265212
+79147434465
618733
896328997570
+79841397849
290000
89248888021
89621090009
89146446869
257980
403264
89006621717
289845
488424
79248888216
89625803827
723386
+79621162103
622157
+7-9
275011
89147550880
321322
+79841397849
7924
+79100000929
424272338604
89140906782
89625803827
302901
4242767333
515451
89621532530
+79241970162
89147575454
79248886156
79248888089
89624172909
89841317559
+79147550880
292757
89621203849
9147555143
89632890569
392494
89248880593
+79147564440
89147575454
266362
89241892777
89241851333
252004
89147434373
89241892777
89241851000
+79248857700
4242767333
89248870077
779528
255445
304130
89004322384
89621204740
302901
4242266362
600333
89624161555
89147551743
4242436661
89147592263
258522
+79856975645
272263
+79841300700
263164
89248880451
89248867007
275011
89624161652
+79621251975
89244854843
470804
89248835333
272263
314987
89241851333
89241851333
302913
+79241861000
89242895977
275011
9241870899
8 90
89147677917
314975
792488880450
89241851000
+79241957073
302901
302913
89146462666
+79248857700
+79147646190
259199
89625815270
89841317559
283969
470569
315731
265212
79621171055
322042
+791
+79140950310
89147565481
89006632255
+79147516500
89621058405
+79241942299
89248888009
89248804333
397849
89147696875
254260
89147552049
89147555143
446706
89248888146
89621090009
89244837055
305626
89248844007
+79147559848
515451
89147622748
89147560277
89147489118
89248804554
89147431906
89147565481
8962
+79140879410
89147479264
223222
896328997570
475524
263164
89248888146
302912
+79248857700
89241851333
4407
89621229728
314983
89147565481
40-0
89625804596
259199
89004344833
+79147559199
89241892777
89248886156
304436
314284
256175
315731
89624144414
89248880593
301930
89006697062
314731
89241979128
89241939860
30-2
89621059202
89006697062
89241851333
89248899007
89248899007
315731
79248844036
+79621204005
89248803333
89621058405
+796
892488880450
223222
+79241861000
89006607188
89241851000
89294463333
290000
411369
272888
26-3
89621088669
89149781508
263565
891474343730
891474343730
89147592031
+79625800715
89140856437
602617
89621053858
+79624162622
+79147540507
291345
+79147559773
515451
89147563316
4242287222
89241851333
+79147577550
89624161652
302901
314986
89242862747
260899
466939
264215
306775
302901
302912
89146418000
+79147577550
89147592031
89248888061
451610
259199
89625815270
263164
298699041004
424250079304
301301
89621058405
314983
302913
264485
89244964931
89147552004
302430
89621087015
89147554910
89841390069
+79140974453
220239
451610
+79621201944
252705
+79621234151
8914
424228092004
89621143471
+79147561588
89621028787
89248888014
264485042043
89248870077
302914
292757
+79242829162
424250079304
79248881265
89147564631
314294
79147564466
89147557646
89625815270
301930
+79006611156
89147472966
89632894747
89006697062
89248880593
424250079304
89147552207
443454
89248881457
89624172314
79248843074
424250079304
89248899007
89248888014
301301
+79147559773
89242843388
315731
264485
89241939860
79248888089
4242286833
451610
89247555143
89006607188
303645
303630
397849
449680
89244841000
275011
223222
448844
89147563666
89147591345
315731
+79147591345
+79140980240
27-2
301333
89241843679
4242436661
+79621230330
89147652650
89244964931
488424
89624158500
89140843285
4242767333
89241884020
289056
89242831657
89621548424
488424
+79147552048
488424
257777
+79621062017
315731
89248888009
89624141744
89621162103
407747
302913
407747
292757
8962
257777
89147552004
+79147537046
779528
302912
89241897271
+792
424335033304
779528
+79621273689
4242626262
89841812253
302901
89248888086
9147555143
+79147559199
89248888216
+79147577778
89621545113
044204350438
302901
251630
314986
89621220018
314264
424335033304
89147564631
4242245555
284544
89147591345
89244882569
+79248804757
288020
302911041804
89241851333
+79147550880
314983
89241851000
89140946768
637744
314122
+79147590910
+79632890744
89241851333
89147592757
302901
79147555143
468410
+79632891196
314971
89621206706
4242486699
9147555143
723386
+79147584430
89244841000
+79242857777
+79621270521
315731
436661
302913
252705041204
264485
89147552004
89248880593
264485
89006627966
89632894603
259199
264485
89621532530
+79146444464
424246693904
89244956322
89147573062
+79242173060
89147565481
+79147562153
89140856437
89140953030
89140968368
89147551500
89006641658
89147567388
89242817741
+79147441834
+79148940294
89621532530
258458
89841356530
515451
89621532530
289089
89248867007
302913
89147565481
+79242813090
+79120861005
89241851333
89621532530
89621532530
+79621180494
89244854843
89241851333
89621532530
721988
251630
8962
+79621180494
89242805451
89147565481
89621532530
89140856437
+79140837331
+79148940294
251630
89621014213
89140982667
446592
302901
258458
+79248803061
89147565481
89147565481
89140982667
392494
286833
89621545803
89147565481
89147558718
89621532530
288174
891474343730
+79621180494
+79242820222
89244964931
411515
89248803333
89147563164
+79621180494
89147550007
89241861000
79621118882
424086
89147565481
+79242860172
+79621162103
89006600456
89147563164
89147575454
89621532530
79248888216
451601
89624161555
89242880585
+791
488424
259199
89147565481
89147575454
89147574541
282020
89006697062
303645
+79140950310
315731
89147622748
89140866996
89147598799
260899
89621544301
89147552004
89248881457
89244837874
89147575454
438282
+79242888830
89147450574
89248880593
302913
79248888089
470032
282020
302901
89242850390
303630
89248886157
89248888014
272801
89147552004
302901
79248888014
314986
8924888156
236761044190
79248888086
89242881153
9241945185
314141
+79241920706
+79140966625
+79140990250
89248888014
89241851000
+79160202099
+79241920706
314294
+79146444774
(424
89147593283
79248886155
+79146444464
8914
+79147569355
+79147550880
79248886155
+79025707469
89241851000
89146453302
601234
89248886156
89841317559
89248880593
394417
89006611583
89248880641
89621203522
89147685915
89244959007
89248888061
26448504204
89624161555
314731
89147596216
89241801519
+79963436134
89248888061
302914
314975
410065
89244945007
262930
89241851333
89146451758
89025758680
+79841303412
+79006684152
89248843032
89241851333
89248805250
89248881346
89248881457
390138
89248805951
89241889490
275065
89241967000
89147622748
391039
79248844021
89248880593
89147550998
79248880451
89147463282
89241851333
79248881346
79248843074
89147588653
89841317559
302901
79248844035
+79242806329
89248843033
314986
89841317559
251367
89963453667
79248844036
891476551210
89146453302
+7962126377
89147531312
302913
444546
251504
89625801974
279007
303645
89147431906
89147597086
89146446824
89147463282
89146477875
89242867630
89006665211
304717
89147578150
251462
89621255474
301333
314975
2644850420430
79248886157
89248843013
89244945007
89147588653
89140954964
251462
89147454204
89625809629
79248888015
89241851333
89248870077
89006611583
89621122024
89248880593
89621060519
89248880116
89241851333
89248843022
301974
89147592952
89248880593
79248881265
314975
89248844007
282763
89241851333
+79140973699
301930
89147431906
89248880593
305630
302913
390138
+79140951555
279981
444546
89147591497
89244945007
89147425496
409158
89621046636
89244899091
89241923131
314986
259199
89147534835
89006611853
89241820788
314986
+79621232366
314986
79248881265
314986
89147463282
315731
89248880593
89621207888
251462
89621541081
89147588653
89990701713
89244945007
+79147579309
89147579865
314975
89621087594
89248881457
89147569236
89242844800
89248881346
+79621110706
89248880207
89248881346
444546
302914
+79147574060
302430
89248808007
+79621186925
89147579865
89244964931
79248844023
+79248857700
609929
89147454204
89244964931
+79241861000
89621203522
+79241991962
303645
89244964931
390135
89147544565
622157
89006611583
+7983177232
89244956007
+79248803371
89621058405
89241851333
614614
444546
89248844024
89248886156
89248880116
314631
89248881265
6460894
89248844024
89241970162
89621046636
89006611583
303464
89621531223
+79140968389
+79241861000
89621043366
89244991988
306022
+79621208773
79248881265
89621277797
89621058405
89006611583
89841340124
89621046636
295295
89140912059
314986
314974
89621046636
290000
89147588653
89248857700
89621273509
+79147563041
89147468441
89147488644
+79241970162
295295
89147516165
295295
89248843021
79294440574
89632898959
265212
443454
298699041004
314975
89147588653
301930
89140884414
398845
314975
+79624195044
223222
305630
89248867007
89621144351
89241851333
79248888089
+79241912322202
+79147562783
272263
89242873705
394417
89248867007
315731
89248844007
89147597929
314986
305630
89244945007
322722
444546
89244897007
89248881265
302901
444546
89621046636
89248881346
89146451758
259199
89147550998
+79146417911
314975
259199
302913
314975
79248843073
89147579865
89248888061
89241851333
79248881265
89248844029
89147536171
274361
89248881346
+79241861000
305630
+79147557818
89248881346
89242862720
89006611583
89621105699
89625803483
89621200717
+79006600813
89140933041
89241892777
89242848493
89147501101
89244837055
302430
+79147493080
892419900690
89146432409
302901
+79841338007
89147567393
89621542953
89248880593
305358
89294408777
89841317559
+79242881836
+79147506198
89244899091
302430
303645
601234
89146453302
89146419342
+79632898120
89147655121
89248880593
89147590569
251462
+79147401247
89625812102
89147588653
89248881265
+79621208773
89098738297
89881825881
89241885351
89248880593
+79241861000
89140968111
89004272404
89241899000
89248886156
89621046636
314975
89147588653
4242270457
89241923131
402540
89147425496
89146440661
89242884004
410065
259199
314986
89625818880
89147403199
251720
+79241867686
223222
89241864223
+79147548160
89244945007
89147588653
89621046636
79248881265
89621046636
253000
89244945007
272263
79621156919
4242618733
289056
262530
301974
314986
89244810101
89241851333
+79244942687
89147555531
302912
89248844007
89242870104
314996
314987
89147619559
89248870077
89632894952
302912
89248881265
4242245555
306022
89244959007
259199
4242289296
89248880593
89248881265
792488880450
89248881346
391039
89248867007
89006624098
+79146480026
471111
89244959007
252705041204
223222
89621200717
290000
79248888089
398769
262960
89241892777
89242817613
89248880593
89242817734
314975
+79621117177
79248880593
89244899091
89248888061
89241887445
89241975966
302913
89146453302
444546
89248880593
+79625808969
89248886006
89248880116
89621255474
606969
305630
272263
253000
446706
89248880593
89241829000
302430
89147589606
89244891949
89248844007
+79147579971
394417
262960
89248844036
89621046636
89147425496
89241851333
89241811251
+79241912322202
+79242806329
288174
89147578266
314975
89248844037
89248899007
89248880593
89006662288
89242867630
89248881265
89242820675
+79241861000
264485
316699
89248843013
633376
89147463282
290000
89146446824
89248844037
89621208808
89621058405
89241851333
609929
302901
+79242832833
+79625806136
89025701512
306022
89244810101
89242862720
303645
892428570000
892488119790
89248881457
89241915103
+79625806136
89244945007
390111
89147481084
266343
89147438345
302913
9147568816
89242867630
+79621230355
89147544565
89248881346
390138
89242817734
89147481084
89248881265
89248888241
89248881265
89248880593
89248843032
89248881265
89244959007
89621004999
303464
314975
89841376971
444546
89147565168
274361
390138
+79241900691
+79241861000
89621105699
89140872584
265212
79248881265
79248888146
89025758680
89624154292
89242877865
+79248812089
89147579865
89147554476
89621542953
89244888837
89147500047
89248880593
89248844007
443454
89147572263
290000
89248844007
89147563553
89241975966
89147562783
79248880207
314631
79248888036
89146453302
444546
314975
79248881265
89140954964
314975
89248837700
89147588653
89248888061
89621046636
89244964931
89244890492
259199
314986
89147510126
+79841382509
279971
89147431906
89147597086
89621058405
424086
9147566163
390135
89241851333
+79147584465
89248801479
290000
89248888061
89621202905
89841312182
+79242894570
89621100706
302913
+79147577277
9242878568
89140954964
283083
89006611583
303464
+79242881836
259199
+79242839112
89147459917
89241923131
89140873548
314986
89248867007
89147573024
314986
89147509862
314298
305358
+79147401247
224222
89244945007
292163
89248881457
89244945007
89242833660
278150
477030
+79147588653
89244847003
8914758361204
259199
89147577617
89242835101
+79632891224
89841802080
301992
314986
89147565812
314986
89248880041
89147488644
89248870077
89147597929
+79147559199
515451
89241861000
89004269365
89621036395
89248881265
89248888026
89025758680
89244945007
251462
89621046636
89624161555
89025758680
89244899091
264485
89244959007
89621046636
89140854009
89140929928
79248843055
89147531312
89624161555
89621541081
89248888369
89624161555
89248881346
+79147675810
314975
302430
89006611583
89248881265
89140879799
89621545803
259199
89140854009
305630
+89248804757
89149781508
89147508510
314974
89248867007
+79147575571
+79242888676
89248881457
321322
89147431906
89241851333
265212
89248881346
89244945007
279981
89147531312
89147617462
89244907352
254260
89248844018
79248888146
272263
314975
89244945007
+79242806225
4242471547
89248880593
8924884303204
89624142686
89146409921
+79147562783
424924
259199
+79621050550
2986990410043
89242826696
89140884074
89241932742
+79241970077
89147588653
314986
+79625806245
+79147432136
89621041144
302913
302430
267390
251462
89241819499
306022
259199
+79963438244
443454
424086
89242868603
601234
+79241861000
89621018877
302914
622157
89294408777
89244945007
251462
79248881346
+79632892688
314975
306885
89147507962
254260
89841351277
+79146403999
792488880450
89244899091
89244959007
89241829000
89140891444
322722
89146482829
+79248888061
320142
305630
298699041004
89621255474
+79147569167
89241892777
89621543180
251462
291497
79294440574
89244845841
315154
9146497700
633376
314975
89244959007
89624142686
+79242894570
89242877865
304717
89248888061
89147500286
89621273718
89624154292
89241809147
265212
89019375733
89248888241
89241980798
89147420802
89004298040
89621087015
89248843022
314986
89624162182
+79147556542
89244945007
89248844007
89241909181
+7924193705
314975
892488882460
89248888241
265212
89244945007
+79624144495
89248843033
89621238920
+79242842215
+79147582931
89624168252
89241813161
+79242812288
272801
+79147567680
253000
89147559020
+79841314457
302914
+79244850666
89147575454
302914
89147502161
89242870104
315731
314986
9147566163
89140872584
223222
89140954964
89147588653
89248880641
89248843013
89248881346
279007
89147580816
424086
283083
301974
443454
89244849070
267313
89244945007
89025703845
89147595869
79248888036
89241892777
302901
89621283200
+79147432136
89146426560
472211
89147573024
259199
89244956007
89244820039
297790
89241851333
89248880593
302914
89146477875
89244811182
304717
89841376971
89025703845
89244945007
89248843076
89140879799
89244945007
302913
89621046636
302913
79248881265
+79147575571
89248844035
89621212222
89241828283
79248888036
89140854009
314731
314985
89248843032
89004256388
89248844037
398517
89244941419
89621209547
89248870077
321322
89140946768
266343
89248888246
89146474114
89621117730
89248880593
89248844007
302913
89294408777
297790
89625801974
89248844037
+79621020012
264485
89248888241
89242802726
314996
+79241861000
+79147432136
89248804757
89248880593
+79241861000
+79241926002
89242804081
+79140951555
424086
305630
+79147487897
89241984548
89248867007
251504
+79621240039
89006640777
89244848125
79248888036
89004323836
89242859443
259199
89244945007
89621029309
444546
+79248880593
79248844036
+79004251873
89147661666
89625805062
89990701713
444546
251462
89241899000
89147591733
264485
89242883041
89241811251
295001
89242860596
79248881265
89147580816
89244990015
89004334777
89248880593
444546
398769
89248881346
89248843076
89248881346
79248844035
89248888026
89624162182
305630
412661
89621541081
89244990015
89244959007
79294440574
89841317559
+79241861000
314984
79248881265
89248888026
89841317559
89147588653
89147562783
89140843636
89248844007
394401044104
89244945007
+79621050550
89244816668
304130
89147463282
89248881346
306885
89147579865
443454
89244890492
+79147577550
89244885257
+79147581959
89963453667
89248880593
259199
+7924193705
303464
89248881346
314986
89248880593
89621046636
79248844036
89241923131
89621200717
89621018877
89248888009
89248844029
89244945007
89244945007
444546
89244945007
89241967000
259199
89294408777
89004325747
89025701512
320022
89140935156
89248888061
320022
+79147569167
89147588653
89244945007
302914
89147588653
314975
302913
89621201944
89621088833
89621004485
424086
89621522929
89621547080
89242817171
290000
89241851333
265212
302901
302913
390137
302914
+79242832833
89006665211
302901
89248844007
89624142686
+79147554430
314996
89004284618
89248880593
89632890344
79248881265
314267
84242515451
89147694164
89621046636
89244945007
89248880116
89841381300
295001
89241892777
315731
89004298040
89841323016
89147425496
89146451758
306022
444546
89241982021
79248843074
+79147538102
89147580816
406035
254260
89146426560
89244899091
302912
89147550327
302913
89140879799
89621046636
89248880593
89244899091
89241851333
314731
443454
6460894
+79147576440
89621209547
9242878568
89244945007
89242838383
253000
302912
89632898959
79248843073
89147588653
89241818849
89621200717
+79241991962
89242892767
89147433285
515451
+79147563335
515451
252881
79146487942
515451
89146451758
89147570607
89006611583
89248888026
89241851333
314975
89147534835
306775
251630
443454
320022
89241864223
89241923131
424086
89006611583
89147555531
89147573280
89147591497
89146482829
+79625815411
304717
424086
443454
301974
89621201624
251367
601234
89621541081
314996
89147633565
601234
89146482073
264485
89248844007
89625809629
259199
89821016207
89147575790
89140954964
305630
290000
305630
424924
89146422909
89242813748
89006678008
259199
424924
301974
89242813507
89147536171
254260
314975
89248844007
89244884488
89244990015
89248843020
89241879183
89621241692
89004268156
892488430280
251462
+79241970162
89147597929
89621039153
89248881457
444546
89621177775
89147517275
89248881346
89621275859
89248844007
89248867007
89004272404
314975
9146497700
314975
89146449704
89006611583
89248844007
89140912322
+79624179486202
89242842227
306775
89147668455
+79006663587
+79241864223
89147440102
314975
89242846176
89147597929
89621058405
89621241692
+79621202888
89004284618
89248881346
89147428307
89147686574
89241988068
515451
89242815640
89248867007
+79147563335
89140954964
79248843074
+79621171566
314975
89621004485
254260
89147566348
89621232849
89621087015
79248844036
314986
89963446625
891475557970
89147565812
89621273718
+79242806225
515451
+79621069850
314987
89248880641
315731
+79147401247
89241923131
89242833646
443454
272788
89241851333
89248844007
306775
251462
89149781508
301974
89244941419
89241851333
89146415962
320022
89241899000
295295
89248801479
89248843028
515451
89244945007
89146450006
89294408777
89621046636
443454
89147597929
89248886156
+79147579971
8924
89147597929
+79147580287
89241851333
257643
89140912059
303464
89146496238
89147426261
89248880593
89146418902
515451
89248844007
250187
+79632892246
+79621171566
+79147557643
79248843074
+79147584465
259199
89621088833
89147416878
89004272404
89621127385
+79147577550
89624161555
89621541081
89244822853
79248881265
292952
89248843013
89006611583